   CRM.65-BTE Airfoil 
   1.00000	0.00147
   0.99784	0.00262
   0.99541	0.00378
   0.99272	0.00495
   0.98977	0.00613
   0.98655	0.00734
   0.98308	0.00854
   0.97935	0.00976
   0.97536	0.01098
   0.97112	0.01221
   0.96663	0.01343
   0.96189	0.01465
   0.95690	0.01586
   0.95168	0.01704
   0.94621	0.01823
   0.94050	0.01940
   0.93455	0.02056
   0.92838	0.02171
   0.92198	0.02286
   0.91535	0.02400
   0.90850	0.02515
   0.90144	0.02631
   0.89416	0.02748
   0.88667	0.02868
   0.87898	0.02990
   0.87108	0.03113
   0.86299	0.03239
   0.85470	0.03370
   0.84623	0.03501
   0.83757	0.03636
   0.82873	0.03772
   0.81972	0.03909
   0.81054	0.04047
   0.80119	0.04186
   0.79168	0.04323
   0.78202	0.04460
   0.77221	0.04595
   0.76226	0.04728
   0.75216	0.04858
   0.74194	0.04985
   0.73158	0.05106
   0.72110	0.05225
   0.71051	0.05339
   0.69980	0.05447
   0.68899	0.05550
   0.67808	0.05648
   0.66708	0.05740
   0.65599	0.05827
   0.64481	0.05908
   0.63356	0.05983
   0.62224	0.06052
   0.61086	0.06116
   0.59942	0.06176
   0.58793	0.06230
   0.57639	0.06279
   0.56482	0.06324
   0.55321	0.06364
   0.54158	0.06398
   0.52992	0.06429
   0.51825	0.06455
   0.50658	0.06478
   0.49490	0.06495
   0.48322	0.06508
   0.47156	0.06517
   0.45992	0.06522
   0.44829	0.06522
   0.43670	0.06519
   0.42515	0.06510
   0.41363	0.06499
   0.40217	0.06481
   0.39076	0.06460
   0.37941	0.06434
   0.36813	0.06405
   0.35692	0.06370
   0.34579	0.06331
   0.33474	0.06289
   0.32378	0.06241
   0.31293	0.06190
   0.30217	0.06134
   0.29152	0.06075
   0.28099	0.06013
   0.27058	0.05946
   0.26029	0.05877
   0.25013	0.05803
   0.24011	0.05728
   0.23023	0.05648
   0.22050	0.05567
   0.21092	0.05483
   0.20149	0.05395
   0.19223	0.05306
   0.18314	0.05213
   0.17422	0.05118
   0.16548	0.05022
   0.15692	0.04922
   0.14854	0.04820
   0.14036	0.04716
   0.13237	0.04610
   0.12458	0.04501
   0.11699	0.04391
   0.10961	0.04278
   0.10245	0.04164
   0.09550	0.04047
   0.08877	0.03928
   0.08226	0.03808
   0.07598	0.03685
   0.06992	0.03561
   0.06411	0.03434
   0.05852	0.03306
   0.05318	0.03176
   0.04808	0.03043
   0.04322	0.02909
   0.03861	0.02771
   0.03426	0.02632
   0.03015	0.02490
   0.02630	0.02344
   0.02270	0.02196
   0.01937	0.02044
   0.01629	0.01889
   0.01348	0.01731
   0.01092	0.01570
   0.00864	0.01405
   0.00662	0.01237
   0.00487	0.01067
   0.00338	0.00894
   0.00216	0.00718
   0.00122	0.00541
   0.00054	0.00362
   0.00014	0.00181
   0.00000	0.00000
   0.00014  -0.00154
   0.00054  -0.00303
   0.00122  -0.00452
   0.00216  -0.00598
   0.00338  -0.00741
   0.00487  -0.00883
   0.00662  -0.01022
   0.00864  -0.01156
   0.01092  -0.01289
   0.01348  -0.01417
   0.01629  -0.01542
   0.01937  -0.01664
   0.02270  -0.01784
   0.02630  -0.01901
   0.03015  -0.02015
   0.03426  -0.02126
   0.03861  -0.02237
   0.04322  -0.02344
   0.04808  -0.02451
   0.05318  -0.02556
   0.05852  -0.02660
   0.06411  -0.02762
   0.06992  -0.02863
   0.07598  -0.02963
   0.08226  -0.03062
   0.08877  -0.03160
   0.09550  -0.03257
   0.10245  -0.03352
   0.10961  -0.03446
   0.11699  -0.03538
   0.12458  -0.03630
   0.13237  -0.03719
   0.14036  -0.03806
   0.14854  -0.03890
   0.15692  -0.03974
   0.16548  -0.04054
   0.17422  -0.04132
   0.18314  -0.04207
   0.19223  -0.04280
   0.20149  -0.04350
   0.21092  -0.04417
   0.22050  -0.04480
   0.23023  -0.04541
   0.24011  -0.04597
   0.25013  -0.04650
   0.26029  -0.04700
   0.27058  -0.04744
   0.28099  -0.04785
   0.29152  -0.04821
   0.30217  -0.04852
   0.31293  -0.04879
   0.32378  -0.04900
   0.33474  -0.04916
   0.34579  -0.04927
   0.35692  -0.04932
   0.36813  -0.04932
   0.37941  -0.04925
   0.39076  -0.04913
   0.40217  -0.04894
   0.41363  -0.04870
   0.42515  -0.04839
   0.43670  -0.04803
   0.44829  -0.04759
   0.45992  -0.04709
   0.47156  -0.04653
   0.48322  -0.04590
   0.49490  -0.04521
   0.50658  -0.04445
   0.51825  -0.04363
   0.52992  -0.04273
   0.54158  -0.04178
   0.55321  -0.04074
   0.56482  -0.03965
   0.57639  -0.03849
   0.58793  -0.03727
   0.59942  -0.03599
   0.61086  -0.03465
   0.62224  -0.03324
   0.63356  -0.03178
   0.64481  -0.03028
   0.65599  -0.02873
   0.66708  -0.02715
   0.67808  -0.02552
   0.68899  -0.02388
   0.69980  -0.02220
   0.71051  -0.02051
   0.72110  -0.01881
   0.73158  -0.01712
   0.74194  -0.01542
   0.75216  -0.01375
   0.76226  -0.01209
   0.77221  -0.01045
   0.78202  -0.00885
   0.79168  -0.00729
   0.80119  -0.00578
   0.81054  -0.00432
   0.81972  -0.00291
   0.82873  -0.00157
   0.83757  -0.00029
   0.84623   0.00090
   0.85470   0.00202
   0.86299   0.00306
   0.87108   0.00400
   0.87898   0.00486
   0.88667   0.00561
   0.89416   0.00626
   0.90144   0.00680
   0.90850   0.00724
   0.91535   0.00758
   0.92198   0.00780
   0.92838   0.00792
   0.93455   0.00793
   0.94050   0.00785
   0.94621   0.00766
   0.95168   0.00739
   0.95690   0.00703
   0.96189   0.00659
   0.96663   0.00608
   0.97112   0.00550
   0.97536   0.00487
   0.97935   0.00418
   0.98308   0.00346
   0.98655   0.00270
   0.98977   0.00190
   0.99272   0.00109
   0.99541   0.00026
   0.99784  -0.00059
   1.00000  -0.00147
